 C        6.0          0.61594600   -0.33127800    0.00000000     
 C        6.0         -0.61594300    0.33119400    0.00000000     
 C        6.0          1.87555600    0.30868200    0.00000000     
 C        6.0         -1.87556600   -0.30874400    0.00000000     
 C        6.0          3.10635700   -0.39112300    0.00000000     
 C        6.0         -3.10632800    0.39112300    0.00000000     
 C        6.0          4.35965200    0.18413500   -0.00000000     
 C        6.0         -4.35966900   -0.18404800   -0.00000000     
 H        1.0          0.60577700   -1.41317500    0.00000000     
 H        1.0         -0.60576400    1.41309100    0.00000000     
 H        1.0          1.89942200    1.38979800   -0.00000000     
 H        1.0         -1.89947000   -1.38985900   -0.00000000     
 H        1.0         -3.04945000    1.47184100    0.00000000     
 H        1.0          3.04954300   -1.47184500    0.00000000     
 H        1.0         -4.48643400   -1.25500700   -0.00000000     
 H        1.0          4.48634200    1.25510300   -0.00000000     
 H        1.0         -5.24901600    0.42196400   -0.00000000     
 H        1.0          5.24904400   -0.42181200   -0.00000000     
