 C1                  0.82485006    0.68997042    0.00684793
 C1                  0.82485006   -0.68997042   -0.00684793
 C1                 -0.82485006    0.68997042   -0.00684793
 C1                 -0.82485006   -0.68997042    0.00684793
 Si                 2.06249679    2.12234472    0.24527035
 Si                 2.06249679   -2.12234472   -0.24527035
 Si                -2.06249679    2.12234472   -0.24527035
 Si                -2.06249679   -2.12234472    0.24527035
 C                  2.54077464    2.87103880   -1.38189565
 C                  1.33440047    3.40206411    1.37943447
 C                  3.56807930    1.44280472    1.08881853
 H                  1.68695427    3.26249603   -1.91050351
 H                  3.23874329    3.68362075   -1.23631451
 H                  3.01451897    2.13650456   -2.01852705
 H                  0.97954362    2.94645173    2.28944404
 H                  2.09041078    4.12622211    1.64849878
 H                  0.51689140    3.94493929    0.93835884
 H                  4.20525515    0.91754739    0.41035936
 H                  4.14630595    2.24688100    1.52082430
 H                  3.30533460    0.77639940    1.88476189
 C                  2.54077464   -2.87103880    1.38189565
 C                  1.33440047   -3.40206411   -1.37943447
 C                  3.56807930   -1.44280472   -1.08881853
 H                  1.68695427   -3.26249603    1.91050351
 H                  3.23874329   -3.68362075    1.23631451
 H                  3.01451897   -2.13650456    2.01852705
 H                  0.97954362   -2.94645173   -2.28944404
 H                  2.09041078   -4.12622211   -1.64849878
 H                  0.51689140   -3.94493929   -0.93835884
 H                  4.20525515   -0.91754739   -0.41035936
 H                  4.14630595   -2.24688100   -1.52082430
 H                  3.30533460   -0.77639940   -1.88476189
 C                 -2.54077464    2.87103880    1.38189565
 C                 -1.33440047    3.40206411   -1.37943447
 C                 -3.56807930    1.44280472   -1.08881853
 H                 -1.68695427    3.26249603    1.91050351
 H                 -3.23874329    3.68362075    1.23631451
 H                 -3.01451897    2.13650456    2.01852705
 H                 -0.97954362    2.94645173   -2.28944404
 H                 -2.09041078    4.12622211   -1.64849878
 H                 -0.51689140    3.94493929   -0.93835884
 H                 -4.20525515    0.91754739   -0.41035936
 H                 -4.14630595    2.24688100   -1.52082430
 H                 -3.30533460    0.77639940   -1.88476189
 C                 -2.54077464   -2.87103880   -1.38189565
 C                 -1.33440047   -3.40206411    1.37943447
 C                 -3.56807930   -1.44280472    1.08881853
 H                 -1.68695427   -3.26249603   -1.91050351
 H                 -3.23874329   -3.68362075   -1.23631451
 H                 -3.01451897   -2.13650456   -2.01852705
 H                 -0.97954362   -2.94645173    2.28944404
 H                 -2.09041078   -4.12622211    1.64849878
 H                 -0.51689140   -3.94493929    0.93835884
 H                 -4.20525515   -0.91754739    0.41035936
 H                 -4.14630595   -2.24688100    1.52082430
 H                 -3.30533460   -0.77639940    1.88476189
