C1         0.7286727606        0.7302875442        0.2108235346
C1         0.7286727606       -0.7302875442       -0.2108235346
C1        -0.7286727606        0.7302875442       -0.2108235346
C1        -0.7286727606       -0.7302875442        0.2108235346
Si         1.6934267835        1.7033726816        1.5256009638
Si         1.6934267835       -1.7033726816       -1.5256009638
Si        -1.6934267835        1.7033726816       -1.5256009638
Si        -1.6934267835       -1.7033726816        1.5256009638
C          2.4323721871        3.2070780523        0.7152034970
C          0.5329360120        2.2309749348        2.8806374261
C          3.0368577503        0.6042968452        2.1916276430
H          1.6643906065        3.8422612684        0.2939960204
H          2.9923986965        3.7979321203        1.4299421040
H          3.1063058062        2.9299687999       -0.0844438069
H          0.1218620263        1.3776212758        3.4027028819
H          1.0441990326        2.8490698834        3.6085750757
H         -0.2941393550        2.8045262499        2.4835241777
H          3.7124580006        0.2914924144        1.4066901473
H          3.6221260895        1.1206144236        2.9428265380
H          2.6251335261       -0.2862826881        2.6472841347
C          2.4323721871       -3.2070780523       -0.7152034970
C          0.5329360120       -2.2309749348       -2.8806374261
C          3.0368577503       -0.6042968452       -2.1916276430
H          1.6643906065       -3.8422612684       -0.2939960204
H          2.9923986965       -3.7979321203       -1.4299421040
H          3.1063058062       -2.9299687999        0.0844438069
H          0.1218620263       -1.3776212758       -3.4027028819
H          1.0441990326       -2.8490698834       -3.6085750757
H         -0.2941393550       -2.8045262499       -2.4835241777
H          3.7124580006       -0.2914924144       -1.4066901473
H          3.6221260895       -1.1206144236       -2.9428265380
H          2.6251335261        0.2862826881       -2.6472841347
C         -2.4323721871        3.2070780523       -0.7152034970
C         -0.5329360120        2.2309749348       -2.8806374261
C         -3.0368577503        0.6042968452       -2.1916276430
H         -1.6643906065        3.8422612684       -0.2939960204
H         -2.9923986965        3.7979321203       -1.4299421040
H         -3.1063058062        2.9299687999        0.0844438069
H         -0.1218620263        1.3776212758       -3.4027028819
H         -1.0441990326        2.8490698834       -3.6085750757
H          0.2941393550        2.8045262499       -2.4835241777
H         -3.7124580006        0.2914924144       -1.4066901473
H         -3.6221260895        1.1206144236       -2.9428265380
H         -2.6251335261       -0.2862826881       -2.6472841347
C         -2.4323721871       -3.2070780523        0.7152034970
C         -0.5329360120       -2.2309749348        2.8806374261
C         -3.0368577503       -0.6042968452        2.1916276430
H         -1.6643906065       -3.8422612684        0.2939960204
H         -2.9923986965       -3.7979321203        1.4299421040
H         -3.1063058062       -2.9299687999       -0.0844438069
H         -0.1218620263       -1.3776212758        3.4027028819
H         -1.0441990326       -2.8490698834        3.6085750757
H          0.2941393550       -2.8045262499        2.4835241777
H         -3.7124580006       -0.2914924144        1.4066901473
H         -3.6221260895       -1.1206144236        2.9428265380
H         -2.6251335261        0.2862826881        2.6472841347
